Game, Score, Total Reward, Record1, 5, 50.71731090011534, 5
2, 5, 45.73508208221257, 5
3, 2, 23.321144523802502, 5
4, 1, 19.64396275237607, 5
5, 5, 45.50851256582978, 5
6, 2, 22.75910334126233, 5
7, 3, 28.8986942555464, 5
8, 5, 50.90722740964899, 5
9, 4, 31.8033589212642, 5
10, 3, 29.697721092055176, 5
11, 9, 61.59278695884953, 9
12, 3, 43.55468033110812, 9
13, 4, 43.83451573370339, 9
14, 12, 63.029668993019335, 12
15, 5, 47.32810494659307, 12
16, 3, 35.28623421179526, 12
17, 4, 32.143053914276564, 12
18, 3, 32.458788307922205, 12
19, 6, 60.19605803128885, 12
20, 6, 55.160221478701736, 12
21, 1, 19.916690101585022, 12
22, 2, 22.07616375713754, 12
23, 2, 31.805315438083895, 12
24, 6, 69.47761031946868, 12
25, 6, 65.73792797932232, 12
26, 5, 51.58973068158181, 12
27, 12, 55.88111501525107, 12
28, 7, 63.00200418877761, 12
29, 2, 23.761075730152374, 12
30, 9, 80.01317571413333, 12
31, 3, 34.50708000831466, 12
32, 8, 68.61494772297884, 12
33, 3, 22.946276888883553, 12
34, 3, 26.674041777772135, 12
35, 3, 34.204639520627225, 12
36, 8, 38.52550086211871, 12
37, 10, 49.73244244830704, 12
38, 7, 38.865145784847705, 12
39, 1, 19.385527474599566, 12
40, 3, 34.651761126974435, 12
41, 15, 56.69859449773711, 15
42, 5, 54.362161146849125, 15
43, 3, 35.85052015078543, 15
44, 2, 24.295043723799704, 15
45, 4, 33.20932695554869, 15
46, 7, 38.10046806983176, 15
47, 2, 30.272286847612474, 15
48, 12, 94.67758282257047, 15
49, 5, 57.07812681166679, 15
50, 4, 28.148962423583427, 15
51, 3, 47.16278575633475, 15
52, 4, 38.07631612978509, 15
53, 3, 22.358304536501464, 15
54, 2, 24.089496519427904, 15
55, 2, 32.33322068094339, 15
56, 4, 30.59896537300577, 15
57, 3, 26.961417503551672, 15
58, 3, 35.646993996815944, 15
59, 3, 37.41325610633307, 15
60, 4, 51.40595325679565, 15
61, 1, 19.495665171425845, 15
62, 2, 27.183877774596876, 15
63, 1, 17.904253314282354, 15
64, 8, 80.63049320032005, 15
65, 3, 29.4483277428481, 15
66, 4, 54.89623353438111, 15
67, 5, 44.80993806100005, 15
68, 7, 36.261977364059916, 15
69, 4, 34.2070764603016, 15
70, 5, 45.49766679464447, 15
71, 10, 60.86469406225763, 15
72, 2, 27.77516710158008, 15
73, 14, 45.720488007296474, 15
74, 2, 30.29643824125886, 15
75, 0, 11.610675396824453, 15
76, 4, 31.525684367328083, 15
77, 4, 46.48088410298351, 15
78, 8, 41.064100161165534, 15
79, 7, 61.637646583010685, 15
80, 7, 38.58451165396936, 15
81, 1, 14.285054825394152, 15
82, 5, 56.61820817495593, 15
83, 4, 33.97997123808167, 15
84, 2, 22.952473219042645, 15
85, 42, 52.72356790545213, 42
86, 9, 53.0574166561183, 42
87, 2, 29.100247739674042, 42
88, 2, 24.595106520630296, 42
89, 4, 56.351271123386645, 42
90, 2, 22.51706318094756, 42
91, 3, 33.936588339668546, 42
92, 2, 31.67101030157701, 42
93, 3, 29.412895551172184, 42
94, 2, 36.761777355543934, 42
95, 5, 41.541024368020025, 42
96, 4, 33.45135779998657, 42
97, 2, 34.87667207539267, 42
98, 2, 24.76033710634343, 42
99, 5, 49.47515178618358, 42
100, 1, 17.831906019045498, 42
101, 4, 31.750515798406752, 42
102, 1, 15.397370985711136, 42
103, 3, 49.53666848432744, 42
104, 4, 41.77480562815418, 42
105, 4, 30.080252255543062, 42
106, 2, 24.685356634915806, 42
107, 1, 19.82419210793324, 42
108, 6, 64.73096521064252, 42
109, 1, 24.485073215864983, 42
110, 4, 34.0489170777674, 42
111, 1, 19.390794761902203, 42
112, 1, 19.064126514283092, 42
113, 3, 46.47815728888874, 42
114, 2, 30.521413146021608, 42
115, 1, 17.749406817457164, 42
116, 1, 15.604674160314183, 42
117, 3, 35.98032628249618, 42
118, 1, 22.10832646983251, 42
119, 1, 16.908624596820076, 42
120, 2, 30.090022876178892, 42
121, 4, 46.38637280855815, 42
122, 8, 75.73671286978713, 42
123, 6, 71.78431361800965, 42
124, 4, 50.50181073817412, 42
125, 15, 85.04601542764064, 42
126, 3, 20.833566799993324, 42
127, 2, 21.968121392058215, 42
128, 4, 52.933195251859075, 42
129, 2, 27.58488472062544, 42
130, 8, 90.16588383722701, 42
131, 16, 71.44902433981127, 42
132, 1, 19.091942869838185, 42
133, 3, 31.770510307938583, 42
134, 3, 38.5969066434106, 42
135, 1, 18.38738666348943, 42
136, 1, 18.80749533332997, 42
137, 3, 38.496820017775576, 42
138, 2, 26.669490047612506, 42
139, 1, 19.8405138412666, 42
140, 3, 32.54914106529768, 42
141, 3, 33.32492674602094, 42
142, 4, 34.94487638729151, 42
143, 9, 92.74133136588668, 42
144, 8, 74.1926287475421, 42
145, 1, 23.624735374597353, 42
146, 3, 38.522064490477106, 42
147, 4, 38.474499168233926, 42
148, 2, 28.14754035713344, 42
149, 3, 33.38360828887281, 42
150, 2, 29.226854657135142, 42
151, 1, 26.14583466031053, 42
152, 1, 23.904452898405943, 42
153, 2, 25.859421644435812, 42
154, 2, 27.805804438085854, 42
155, 3, 32.12975472964255, 42
156, 2, 28.24935892392382, 42
157, 6, 46.11935627486322, 42
158, 1, 16.031439190473, 42
159, 2, 22.088132657138715, 42
160, 2, 30.96216840317644, 42
161, 1, 14.099415901584466, 42
162, 1, 17.027555587298888, 42
163, 1, 17.238801333327924, 42
164, 8, 50.27261945324236, 42
165, 1, 19.229898311106748, 42
166, 3, 41.941083317461036, 42
167, 3, 31.57818914443427, 42
168, 2, 34.03014236507315, 42
169, 1, 22.640398320123204, 42
170, 2, 18.307758115867315, 42
171, 2, 23.994868761904737, 42
172, 3, 62.63098736190439, 42
173, 3, 32.55495974843685, 42
174, 1, 17.431105215866886, 42
175, 3, 31.102066655945308, 42
176, 1, 14.858320215870279, 42
177, 1, 22.88355336825987, 42
178, 1, 12.67855206348972, 42
179, 7, 29.449270279358174, 42
180, 2, 43.25484282222249, 42
181, 2, 51.28844200952064, 42
182, 0, 6.091521428570476, 42
183, 2, 27.808994584123525, 42
184, 1, 16.639397838092293, 42
185, 5, 79.98233501474637, 42
186, 2, 36.061991803165085, 42
187, 3, 38.58527977300627, 42
188, 1, 14.374117971426921, 42
189, 1, 17.455005696822525, 42
190, 0, 10.928475396824474, 42
191, 5, 52.815077121459616, 42
192, 2, 25.292733112689625, 42
193, 3, 24.36082597777412, 42
194, 4, 50.30470986532826, 42
195, 3, 34.70999996348195, 42
196, 3, 26.133356490469712, 42
197, 2, 37.67313732697305, 42
198, 3, 46.43604688786774, 42
199, 1, 32.03864259682944, 42
200, 1, 15.113447860319914, 42
201, 2, 24.604718593642232, 42
202, 5, 59.27395158980382, 42
203, 3, 65.8902896744042, 42
204, 2, 38.862898643172564, 42
205, 2, 46.947569034923944, 42
206, 3, 39.16902336982804, 42
207, 2, 29.59652263808815, 42
208, 2, 27.007252948227897, 42
209, 3, 47.19457694049968, 42
210, 2, 23.505241030149193, 42
211, 0, 10.102661111110184, 42
212, 1, 25.210360057135773, 42
213, 0, 10.8092357142848, 42
214, 3, 33.65752380278162, 42
215, 1, 18.638092495235327, 42
216, 4, 35.41871582538325, 42
217, 4, 64.67577787635965, 42
218, 3, 36.61925268729012, 42
219, 2, 42.38853670793231, 42
220, 2, 32.27677847300659, 42
221, 4, 43.824442366857596, 42
222, 3, 43.99414895554783, 42
223, 1, 17.013598109521222, 42
224, 3, 38.155265991864425, 42
225, 2, 34.29628078094066, 42
226, 0, 11.025883333332414, 42
227, 9, 36.71794590371596, 42
228, 1, 25.450429628565423, 42
229, 1, 18.93258732063268, 42
230, 1, 22.027768864826584, 42
231, 4, 40.76183318729247, 42
232, 3, 18.821917590473035, 42
233, 1, 17.18097997142372, 42
234, 2, 21.99470166507281, 42
235, 5, 42.952124357571925, 42
236, 2, 38.5308052825313, 42
237, 2, 30.680132720506567, 42
238, 3, 53.252182077498574, 42
239, 3, 39.274864298399145, 42
240, 4, 74.1119675124066, 42
241, 4, 30.394203669295557, 42
242, 2, 33.908230294342886, 42
243, 1, 16.505181819045664, 42
244, 8, 45.284698435930885, 42
245, 2, 26.791588642023953, 42
246, 2, 42.03539722540683, 42
247, 3, 54.14514195555627, 42
248, 2, 23.804080138086604, 42
249, 3, 28.20796587459433, 42
250, 5, 73.98481913999109, 42
251, 2, 32.114205303164894, 42
252, 5, 61.68113685379991, 42
253, 2, 24.311990942852635, 42
254, 4, 64.55483771341814, 42
255, 2, 35.082356505712276, 42
256, 2, 20.520857404758193, 42
257, 3, 24.371203663484593, 42
258, 1, 22.884833723804586, 42
259, 5, 63.719343267633654, 42
260, 0, 4.198348412697476, 42
261, 5, 61.13715146556803, 42
262, 1, 15.985298273014124, 42
263, 0, 9.950853174602212, 42
264, 2, 24.201879744438994, 42
265, 2, 21.238063201582033, 42
266, 5, 80.06779698216505, 42
267, 3, 40.434160595798964, 42
268, 7, 92.57641133163533, 42
269, 2, 29.46197771268974, 42
270, 2, 29.94175112063713, 42
271, 2, 21.31986849523278, 42
272, 1, 10.170983990473092, 42
273, 1, 19.903032390472692, 42
274, 0, 11.227056349205883, 42
275, 3, 53.98876083660139, 42
276, 2, 43.361406091565364, 42
277, 1, 16.035207249203832, 42
278, 2, 16.537828425393553, 42
279, 2, 33.04212107301907, 42
280, 2, 25.87428320000556, 42
281, 2, 26.958765006350774, 42
282, 1, 22.273700596821215, 42
283, 2, 29.417386570035926, 42
284, 3, 25.986938942850287, 42
285, 0, 10.758186507935555, 42
286, 1, 11.524474117462054, 42
287, 2, 35.16661484126271, 42
288, 3, 40.68626726298969, 42
289, 4, 52.31175861269895, 42
290, 1, 15.64705459681953, 42
291, 0, 8.97385190476157, 42
292, 0, 6.781778571427639, 42
293, 2, 23.176399784119596, 42
294, 2, 26.780022643425426, 42
295, 2, 42.33730937142573, 42
296, 9, 72.02384670935548, 42
297, 3, 29.37249379269224, 42
298, 1, 10.705598517457094, 42
299, 1, 15.795768825393935, 42
300, 2, 21.823752209516783, 42
301, 2, 57.61344559339078, 42
302, 1, 9.436530687296743, 42
303, 3, 49.191510342852354, 42
304, 4, 61.072269022986426, 42
305, 1, 19.37465931110937, 42
306, 8, 34.93843976129629, 42
307, 3, 44.032830663081725, 42
308, 3, 51.22629697519489, 42
309, 4, 67.78231982178312, 42
310, 4, 31.421751167629978, 42
311, 4, 48.97124271169302, 42
312, 3, 44.96915321586297, 42
313, 4, 34.127437705257805, 42
314, 2, 27.84055691021123, 42
315, 2, 27.62847249524068, 42
316, 2, 26.299342155555998, 42
317, 3, 46.38234457777086, 42
318, 3, 46.183923527729895, 42
319, 3, 32.18040280634458, 42
320, 2, 24.325498088883936, 42
321, 4, 23.01430797547233, 42
322, 1, 22.773186295235863, 42
323, 4, 44.645918469828445, 42
324, 4, 63.67250278677345, 42
325, 2, 43.06283804762202, 42
326, 2, 32.13761192380365, 42
327, 4, 52.43196712207469, 42
328, 1, 21.213271569838565, 42
329, 1, 20.527857723806985, 42
330, 2, 22.305703852379374, 42
331, 2, 43.5830453111026, 42
332, 1, 35.11539040635469, 42
333, 1, 13.810195542854066, 42
334, 5, 68.81560213895656, 42
335, 2, 41.127169744441694, 42
336, 2, 34.36153186666733, 42
337, 1, 24.238053517456112, 42
338, 2, 28.354435955551764, 42
339, 2, 28.936526221205778, 42
340, 8, 66.47730932779508, 42
341, 0, -5.4923103174607935, 42
342, 1, 19.1004046539665, 42
343, 3, 38.01834861903674, 42
344, 2, 28.382567819051935, 42
345, 4, 51.81270230470565, 42
346, 0, 8.911009682539385, 42
347, 3, 66.50961722391772, 42
348, 6, 53.15321686124977, 42
349, 3, 45.29134618728738, 42
350, 1, 30.685473736512574, 42
351, 5, 65.43404951177929, 42
352, 3, 45.74831789364749, 42
353, 3, 36.2935641523667, 42
354, 4, 38.22706698451881, 42
355, 4, 27.53428553967619, 42
356, 3, 42.94828755005825, 42
357, 7, 49.96461431447455, 42
358, 4, 29.507408446980378, 42
359, 3, 52.727138884974075, 42
360, 1, 14.242439634918878, 42
361, 4, 48.29679958829064, 42
362, 3, 71.12673996828237, 42
363, 2, 45.45409185555728, 42
364, 1, 13.090081441268353, 42
365, 0, -0.8472768253975254, 42
366, 4, 62.508121442875144, 42
367, 3, 44.252067361428736, 42
368, 6, 83.7139217361248, 42
369, 1, 23.287563660309992, 42
370, 0, 5.697921111110416, 42
371, 2, 47.40572283492979, 42
372, 1, 19.42468220158958, 42
373, 1, 31.102352647621878, 42
374, 4, 63.8765892078029, 42
375, 2, 31.246643190476803, 42
376, 4, 27.654382114278583, 42
377, 1, 24.997850342060598, 42
378, 2, 25.245972830161367, 42
379, 2, 31.05552220000323, 42
380, 1, 11.870609906347363, 42
381, 1, 21.321140244440073, 42
382, 1, 11.950120090475039, 42
383, 1, 18.194410352377336, 42
384, 1, 18.222275647615565, 42
385, 1, 15.221471961902559, 42
386, 3, 49.94664074748087, 42
387, 2, 26.16455537459584, 42
388, 4, 38.97870115910143, 42
389, 3, 39.87629140157367, 42
390, 2, 22.639778065080513, 42
391, 2, 26.31064973333814, 42
392, 1, 16.114869136504993, 42
393, 1, 21.433389169844723, 42
394, 6, 34.34562152058008, 42
395, 2, 38.909347685701746, 42
396, 5, 27.6390634199985, 42
397, 2, 31.997417344429454, 42
398, 1, 27.329788901591222, 42
399, 0, 10.84586746031654, 42
400, 1, 19.18519627936152, 42
401, 3, 40.01180868407768, 42
402, 2, 27.87038636508083, 42
403, 1, 11.978627411109663, 42
404, 1, 21.84611109841061, 42
405, 2, 31.970028920623715, 42
406, 0, 13.097728730158392, 42
407, 0, -1.3417622222228909, 42
408, 1, 30.26356918095769, 42
409, 7, 41.03118969669864, 42
410, 0, 5.627193809523117, 42
411, 1, 21.657166200006547, 42
412, 3, 31.433382949202116, 42
413, 3, 37.24740841110941, 42
414, 1, 24.053870168249887, 42
415, 0, 10.303719841268919, 42
416, 0, 8.826588095237163, 42
417, 0, 15.015118253967868, 42
418, 2, 28.826224844435348, 42
419, 2, 34.599790987296224, 42
420, 1, 23.349990209520215, 42
421, 0, 8.923097619046704, 42
422, 2, 28.141762256918117, 42
423, 4, 76.7189494069157, 42
424, 3, 44.235537136032676, 42
425, 1, 22.10016585397326, 42
426, 0, 6.340715079364152, 42
427, 1, 24.411461301591554, 42
428, 4, 34.478244565077205, 42
429, 0, 10.801626190475266, 42
430, 0, 13.250372222221902, 42
431, 2, 49.37615879538287, 42
432, 4, 64.450980325463, 42
433, 7, 40.98661776985165, 42
434, 0, 6.426962698411777, 42
435, 3, 39.96044408357817, 42
436, 4, 55.598893175460674, 42
437, 2, 26.208593809527354, 42
438, 2, 26.368853017464765, 42
439, 1, 22.88353758094689, 42
440, 0, 14.84079095238063, 42
441, 2, 53.47784448890082, 42
442, 1, 31.161595133331634, 42
443, 3, 47.71825964060881, 42
444, 1, 23.32376613649966, 42
445, 2, 39.32471819999558, 42
446, 2, 22.901392263483434, 42
447, 2, 25.42295695554974, 42
448, 4, 68.11617591735882, 42
449, 2, 22.62848355871948, 42
450, 2, 23.779476909520188, 42
451, 0, 5.2392119047609755, 42
452, 1, 23.65305080000565, 42
453, 2, 30.55292348253811, 42
454, 2, 36.154927342862884, 42
455, 0, 9.621304285714581, 42
456, 2, 38.78175450158492, 42
457, 5, 56.23180295568576, 42
458, 1, 15.335574939678192, 42
459, 0, 12.689308730158997, 42
460, 3, 58.36565312765967, 42
461, 3, 56.93849740635794, 42
462, 0, 5.652510317459602, 42
463, 3, 19.564529550789022, 42
464, 3, 57.77986481970252, 42
465, 2, 37.972743215873166, 42
466, 6, 28.716209200005167, 42
467, 4, 50.263872090513374, 42
468, 4, 38.26400271707045, 42
469, 2, 48.34696795964309, 42
470, 0, 11.326713809524094, 42
471, 0, 2.39805888888818, 42
472, 1, 22.755406152372778, 42
473, 0, 6.495362698411773, 42
474, 2, 31.322368702731016, 42
475, 1, 17.233396311102325, 42
476, 2, 47.30628354920134, 42
477, 5, 68.34667332997783, 42
478, 2, 34.457570399988555, 42
479, 3, 49.654806297958686, 42
480, 1, 24.36998659364704, 42
481, 0, 8.802570634919693, 42
482, 2, 30.832099577770038, 42
483, 5, 40.18520352431795, 42
484, 0, 9.926610317459382, 42
485, 2, 41.78264058571592, 42
486, 2, 22.833731977776758, 42
487, 3, 53.65301966667661, 42
488, 0, 13.888000793649846, 42
489, 1, 26.607941707931698, 42
490, 0, 8.461297777777533, 42
491, 3, 37.41059703967785, 42
492, 2, 29.3810634047678, 42
493, 2, 30.48985829205822, 42
494, 1, 13.062799936506234, 42
495, 2, 37.42213861111158, 42
496, 0, 13.66286746031715, 42
497, 0, -8.010592857143056, 42
498, 0, 9.721106507936199, 42
499, 0, 3.1387595238088, 42
500, 3, 55.20347407129241, 42
501, 2, 33.998705434914704, 42
502, 3, 44.85603632260177, 42
503, 1, 12.350565422221068, 42
504, 3, 34.928722120014086, 42
505, 2, 26.94788341028612, 42
506, 1, 20.480937261905204, 42
507, 1, 23.25341705713462, 42
508, 2, 25.18899793791054, 42
509, 1, 30.03317861587833, 42
510, 1, 30.81124394921208, 42
511, 2, 20.6214740999944, 42
512, 3, 42.832558412697395, 42
513, 3, 37.80641723513134, 42
514, 1, 26.870039803169686, 42
515, 1, 22.607678323807036, 42
516, 1, 18.176360520639, 42
517, 1, 11.949044269837707, 42
518, 1, 32.06738610793841, 42
519, 0, -5.6023934920641425, 42
520, 1, 10.051942460319129, 42
521, 0, -1.3600757142861688, 42
522, 1, 22.952026146027748, 42
523, 2, 22.732729476187515, 42
524, 1, 19.164778469841007, 42
525, 2, 34.73157888252916, 42
526, 1, 17.30247931110657, 42
527, 3, 49.39230617128851, 42
528, 1, 17.10429678729654, 42
529, 1, 27.042303263485167, 42
530, 1, 36.31794525079688, 42
531, 3, 55.46785500210585, 42
532, 3, 27.443162311101787, 42
533, 1, 23.677804323815252, 42
534, 2, 13.768822479361948, 42
535, 2, 52.07218211916682, 42
536, 1, 26.48665952699076, 42
537, 2, 29.33591177776795, 42
538, 1, 11.267633579361224, 42
539, 4, 57.259091447521016, 42
540, 1, 24.156731815876963, 42
541, 1, 26.96440177459777, 42
542, 1, 16.096963517459834, 42
543, 2, 30.811822165087136, 42
544, 0, 15.788835079364725, 42
545, 0, 4.17489174603104, 42
546, 4, 57.408239626978926, 42
547, 2, 37.00388581903767, 42
548, 0, 4.948630952380017, 42
549, 1, 26.76931392380613, 42
550, 1, 25.84247354920526, 42
551, 1, 14.505133746027528, 42
552, 0, 3.153835714285579, 42
553, 0, 5.802080158729826, 42
554, 1, 12.258046211109386, 42
555, 2, 41.84384602190513, 42
556, 0, 8.8342979365075, 42
557, 2, 52.00758066984302, 42
558, 0, 8.776054761903833, 42
559, 2, 40.7663250952375, 42
560, 1, 18.58102288570855, 42
561, 1, 22.13046436983615, 42
562, 2, 37.00724999733918, 42
563, 3, 54.57782420083013, 42
564, 1, 15.48132677777563, 42
565, 0, 15.013834444444733, 42
566, 2, 32.098211936507475, 42
567, 1, 15.256781301587328, 42
568, 1, 30.457184130161984, 42
569, 2, 22.353343433327026, 42
570, 3, 50.77223617684899, 42
571, 2, 34.58997925714582, 42
572, 4, 52.83232298429594, 42
573, 3, 39.9682237459933, 42
574, 0, 16.604126825396882, 42
575, 1, 15.926937390471368, 42
576, 2, 45.59106838588279, 42
577, 0, 13.504176031746866, 42
578, 1, 15.496462004758317, 42
579, 3, 53.763399627272086, 42
580, 2, 31.84344441745731, 42
581, 3, 57.187406438700584, 42
582, 3, 51.78671574880924, 42
583, 3, 45.957610457712896, 42
584, 1, 27.487648974604248, 42
585, 1, 22.775492676181766, 42
586, 1, 21.16128487618784, 42
587, 1, 18.531272406343817, 42
588, 2, 34.01220396348701, 42
589, 6, 24.701951449201985, 42
590, 1, 14.019764679366057, 42
591, 4, 25.257970824616915, 42
592, 0, 6.62376904761812, 42
593, 2, 22.062342844439538, 42
594, 2, 15.353650260315359, 42
595, 1, 29.019725307941144, 42
596, 0, 11.36837571428539, 42
597, 1, 37.53325884762431, 42
598, 3, 42.43701437442761, 42
599, 1, 15.972706730157253, 42
600, 0, 7.323737301586384, 42
601, 1, 20.21299939047759, 42
602, 5, 54.198905802788964, 42
603, 1, 19.696568707930656, 42
604, 0, 13.050228095237642, 42
605, 0, 15.12517952380975, 42
606, 1, 26.109990396823925, 42
607, 1, 31.78049832380835, 42
608, 1, 18.016101266667597, 42
609, 1, 17.873973157143862, 42
610, 2, 41.02351265396812, 42
611, 2, 23.877635601582288, 42
612, 0, 4.754229365078435, 42
613, 4, 46.89116607807268, 42
614, 0, 3.9245674603165304, 42
615, 3, 47.06463214604723, 42
616, 1, 23.913039433326304, 42
617, 0, 5.6509722222212835, 42
618, 2, 39.09814450634469, 42
619, 0, 5.512469999999681, 42
620, 3, 58.78814621076918, 42
621, 1, 6.769325479363715, 42
622, 1, 31.21491564443736, 42
623, 0, 3.4681317460309957, 42
624, 0, -0.6979607936517036, 42
625, 1, 19.364694298413475, 42
626, 0, 9.88462682539644, 42
627, 1, 14.165891050786364, 42
628, 2, 33.44159235655516, 42
629, 3, 35.69644390477044, 42
630, 2, 23.826260600000683, 42
631, 1, 13.492942939684225, 42
632, 2, 28.968965206348237, 42
633, 1, 24.825070730154685, 42
634, 0, 6.830788095237748, 42
635, 3, 72.6662164636494, 42
636, 1, 15.319017684124896, 42
637, 2, 31.04670612063011, 42
638, 0, 4.537342857142557, 42
639, 4, 47.91147764316369, 42
640, 4, 65.62361959797526, 42
641, 1, 8.189437374600864, 42
642, 0, 6.707929365078435, 42
643, 0, 14.616420793651086, 42
644, 0, 0.7916479365077604, 42
645, 1, 29.887564006348207, 42
646, 0, 13.984518253968353, 42
647, 0, -0.7240019047623532, 42
648, 1, 25.8605457904752, 42
649, 1, 22.125917161907143, 42
650, 1, 8.303969847616798, 42
651, 4, 49.96107189491907, 42
652, 2, 27.764533785721103, 42
653, 1, 13.548887936508695, 42
654, 0, 1.9782809523802023, 42
655, 2, 24.310208358731295, 42
656, 2, 42.66722112382253, 42
657, 1, 15.680817726986746, 42
658, 1, 14.363889612699047, 42
659, 1, 8.216586922215622, 42
660, 1, 35.52113895872961, 42
661, 1, 32.17868021904565, 42
662, 2, 22.847347152371587, 42
663, 0, 8.903200793649862, 42
664, 0, 1.8243515873006562, 42
665, 1, 31.30059475554767, 42
666, 2, 30.870996971819704, 42
667, 0, 11.695317619047257, 42
668, 1, 25.841609180955892, 42
669, 3, 37.80750406405687, 42
670, 1, 11.400132471425234, 42
671, 1, 14.700240269842613, 42
672, 2, 46.98334114009539, 42
673, 1, 26.059301301586736, 42
674, 0, 12.643327142856808, 42
675, 0, -2.431986349207063, 42
676, 2, 21.221744374604707, 42
677, 0, 5.8161658730149295, 42
678, 0, 12.81832777777814, 42
679, 1, 5.535624366669974, 42
680, 2, 20.373632501836806, 42
681, 0, 7.626744603174245, 42
682, 0, 10.670365238095533, 42
683, 2, 41.8787260026262, 42
684, 1, 13.841414857139617, 42
685, 2, 53.11172275597746, 42
686, 0, 16.71886015873024, 42
687, 1, 26.960085619045856, 42
688, 0, 11.39742650793614, 42
689, 0, 5.7185071428562715, 42
690, 0, 11.154040476189566, 42
691, 1, 14.850210432540758, 42
692, 3, 32.11332943808638, 42
693, 0, 14.92370174603181, 42
694, 2, 30.513576322227728, 42
695, 1, 22.047413331747975, 42
696, 0, 3.9803598412697587, 42
697, 1, 29.208839358728614, 42
698, 2, 43.5791445609645, 42
699, 0, 10.87549761904784, 42
700, 0, 13.96951222222192, 42
701, 2, 34.025280826986325, 42
702, 4, 47.11513193530516, 42
703, 2, 36.74861657059093, 42
704, 1, 26.18164172698736, 42
705, 0, 14.45058714285787, 42
706, 0, -7.356760000000236, 42
707, 0, 16.018669365080168, 42
708, 0, 7.010123015872703, 42
709, 0, 1.1042711111112655, 42
710, 3, 22.422076795565054, 42
711, 1, 22.11670956825226, 42
712, 2, 18.056760717458523, 42
713, 0, 15.242056031746264, 42
714, 2, 18.800102852379162, 42
715, 1, 19.733362193649008, 42
716, 0, 4.230068253967511, 42
717, 3, 28.731510800441836, 42
718, 1, 24.14102654603725, 42
719, 1, 25.191685506346815, 42
720, 2, 40.4316348952369, 42
721, 2, 28.898238567459718, 42
722, 4, 46.37213878571171, 42
723, 1, 10.747089723807635, 42
724, 2, 17.856657865410252, 42
725, 1, 22.886425892059663, 42
726, 2, 34.287465916659606, 42
727, 0, 7.689429365078428, 42
728, 0, 3.627161111110179, 42
729, 1, 15.772914679365618, 42
730, 1, 17.963191085715373, 42
731, 1, 20.651114203166728, 42
732, 0, 15.390189682540411, 42
733, 0, 5.755126507936183, 42
734, 2, 40.75364127619272, 42
735, 0, 1.4483174603167281, 42
736, 1, 21.898881834918207, 42
737, 0, 2.5308626984117697, 42
738, 0, 9.613535714286009, 42
739, 1, 25.938719853971648, 42
740, 1, 22.17516092063731, 42
741, 3, 40.56040717460684, 42
742, 3, 59.62429838230821, 42
743, 0, -2.3852733333338207, 42
744, 2, 14.956804698413936, 42
745, 0, 16.722405555556314, 42
746, 0, -2.090187301587808, 42
747, 1, 15.721389311111247, 42
748, 1, 14.820082399996407, 42
749, 0, 10.442138888888417, 42
750, 3, 67.64971110641642, 42
751, 1, 22.832598907939932, 42
752, 1, 9.710747869842134, 42
753, 1, 5.753552034919931, 42
754, 0, 11.627998571428098, 42
755, 0, 7.04256365079333, 42
756, 0, 1.406339365078713, 42
757, 0, 11.116870952381195, 42
758, 1, 15.855938971421365, 42
759, 1, 13.391112634919217, 42
760, 0, 11.768423968253638, 42
761, 0, 4.491845396824669, 42
762, 1, 16.8574434190458, 42
763, 0, 9.485248095237694, 42
764, 1, 4.544559104760221, 42
765, 1, 23.541672956346908, 42
766, 0, 12.056831587302506, 42
767, 4, 19.815370310411904, 42
768, 0, 15.468932539682205, 42
769, 0, 0.29483428571422676, 42
770, 1, 10.359907161903736, 42
771, 0, 16.603923650794403, 42
772, 0, -1.0489158730163743, 42
773, 1, 19.932584799992625, 42
774, 2, 9.171157585713368, 42
775, 1, 21.270265120628203, 42
776, 0, 1.0879795238088512, 42
777, 1, 23.838046190479346, 42
778, 0, 10.939483333332873, 42
779, 0, 14.483937936508728, 42
780, 1, 17.397140038094136, 42
781, 2, 39.97001530799965, 42
782, 0, 8.880227460317224, 42
783, 8, 45.461316975692846, 42
784, 0, -3.7789914285719455, 42
785, 0, -6.599703809524189, 42
786, 1, 24.306831641269376, 42
787, 0, -3.299753809524286, 42
788, 0, 13.326468095238866, 42
789, 1, 29.766851117463165, 42
790, 11, 54.4506109547568, 42
791, 2, 37.66944618411726, 42
792, 0, 7.4022303174600035, 42
793, 0, 10.127060158730488, 42
794, 0, 12.78391031746001, 42
795, 1, 12.863098690477969, 42
796, 0, 0.7376044444437753, 42
797, 1, 3.2352037936489104, 42
798, 1, 22.95468814602815, 42
799, 1, 33.9409412761885, 42
800, 3, 53.28910653973708, 42
801, 0, 5.294156349205407, 42
802, 1, 17.011490539679308, 42
803, 0, -2.583965396825908, 42
804, 0, 14.811758571429355, 42
805, 0, -0.820604603175092, 42
806, 1, 16.44182467143005, 42
807, 0, 17.091250634920783, 42
808, 0, 13.8470287301582, 42
809, 6, 16.716923153965162, 42
810, 1, 10.392045498407395, 42
811, 1, 16.730076444441153, 42
812, 0, 18.052579841270404, 42
813, 2, 20.682795695241552, 42
814, 2, 36.33014379683583, 42
815, 1, 22.485678755559004, 42
816, 3, 39.663746153012326, 42
817, 1, 22.933695815876394, 42
818, 4, 62.16608597668398, 42
819, 3, 56.16004663809651, 42
820, 0, 4.748219206349111, 42
821, 1, 17.22929709841116, 42
822, 1, 16.94546924285849, 42
823, 1, 20.819276011113462, 42
824, 1, 18.3771552126996, 42
825, 0, -5.210705555556057, 42
826, 2, 34.100457324710476, 42
827, 4, 54.640073133459865, 42
828, 0, 15.79960269841329, 42
829, 1, 12.960239774605395, 42
830, 0, 10.123082063492332, 42
831, 0, -1.2992061904767338, 42
832, 1, 21.571151104762237, 42
833, 0, 18.232336984127702, 42
834, 0, 15.528545873015794, 42
835, 1, 21.32180963174997, 42
836, 1, 2.728161157143761, 42
837, 1, 14.419258038096736, 42
838, 0, 7.724144920634757, 42
839, 0, -2.8296769841277243, 42
840, 0, 9.148888095239005, 42
841, 0, -6.0535744444448945, 42
842, 0, 5.056576984126048, 42
843, 0, 1.1522698412690873, 42
844, 0, 12.105569365080209, 42
845, 0, -3.4423211111118226, 42
846, 2, 30.268859719046606, 42
847, 0, 13.17276460317531, 42
848, 3, 25.991385799708734, 42
849, 0, 1.5551825396818768, 42
850, 2, 34.36775801904785, 42
851, 1, 15.390053692060619, 42
852, 1, 18.315447669843486, 42
853, 0, -5.672816666667071, 42
854, 1, 6.6028809301573705, 42
855, 1, 17.852147453962406, 42
856, 0, 13.498577936508742, 42
857, 0, -6.350301428571731, 42
858, 1, 25.694900847621792, 42
859, 0, 5.035042063491132, 42
860, 2, 33.89513110793636, 42
861, 0, 6.386209682540186, 42
862, 0, -6.662550000000197, 42
863, 1, 16.80835771428877, 42
864, 2, 26.53995722539807, 42
865, 1, 12.382378158735545, 42
866, 3, 52.13183977822979, 42
867, 0, 10.352896031746265, 42
868, 0, 2.6066730158721274, 42
869, 0, 10.936539841270761, 42
870, 1, 6.562448787300113, 42
871, 1, 7.249132173013809, 42
872, 0, 8.582549365078947, 42
873, 0, 15.913120158730873, 42
874, 7, 102.21459803831057, 42
875, 0, -3.043733174603617, 42
876, 0, 8.217708095237775, 42
877, 2, 31.695664882761655, 42
878, 0, -5.11483238095284, 42
879, 0, 10.926479523810364, 42
880, 0, -4.566250634921168, 42
881, 0, 14.115136984127831, 42
882, 0, 15.43197158730246, 42
883, 0, 5.939407936507207, 42
884, 2, 31.96185620952279, 42
885, 0, 8.217323015872076, 42
886, 2, 36.338999268389124, 42
887, 0, 8.526696666667572, 42
888, 0, 1.3417211111111689, 42
889, 0, 15.022410952381179, 42
890, 1, 9.062092787302738, 42
891, 0, 11.404761111112023, 42
892, 1, 5.1521181746029034, 42
893, 0, -1.9804300000005468, 42
894, 0, 10.174834126984944, 42
895, 0, 3.2913206349199036, 42
896, 1, 16.953392000002474, 42
897, 0, 7.732299206348277, 42
898, 0, 9.078605238096124, 42
899, 0, -3.8027320634925657, 42
900, 0, 8.235062380953288, 42
901, 0, 4.450583015873532, 42
902, 0, 12.176950317461234, 42
903, 7, 88.60492160114623, 42
904, 2, 19.68217748888795, 42
905, 1, 15.804282442855015, 42
906, 0, 16.19820809523881, 42
907, 0, 10.178859841270747, 42
908, 0, 0.8924287301580573, 42
909, 0, 10.140426825397745, 42
910, 0, -1.390573809524739, 42
911, 0, 10.990122380953135, 42
912, 1, 18.535573333331815, 42
913, 1, 16.304798739686344, 42
914, 0, 1.0522325396816097, 42
915, 0, 2.0584619047612094, 42
916, 0, 15.567960793651588, 42
917, 1, 12.533862933335858, 42
918, 1, 20.183678661907262, 42
919, 0, -1.6865173015877373, 42
920, 0, 10.055925238096108, 42
921, 1, 0.18569817142727185, 42
922, 0, 14.295337619048496, 42
923, 0, -5.09524746031787, 42
924, 3, 53.87193980635096, 42
925, 0, 3.6677277777782926, 42
926, 0, -2.0760622222226703, 42
927, 2, 41.464256360228084, 42
928, 0, 14.111630634920804, 42
929, 0, 11.678127142857296, 42
930, 0, -0.812069365079866, 42
931, 0, -2.5394411111109334, 42
932, 0, 12.150491269842188, 42
933, 1, 11.623873852380253, 42
934, 0, 0.2519425396826174, 42
935, 2, 12.031821334922814, 42
936, 1, 16.48988661587704, 42
937, 0, -2.989249047619437, 42
938, 1, 15.110374790475245, 42
939, 1, 0.04798089999917199, 42
940, 0, 13.101156984127837, 42
941, 0, -6.06302111111159, 42
942, 1, 13.499377206350673, 42
943, 0, 0.5306977777770348, 42
944, 0, 6.774858571428283, 42
945, 0, 10.887415396826242, 42
946, 0, -7.238204285714485, 42
947, 0, 10.518274126984988, 42
948, 0, -6.878517142857376, 42
949, 0, 12.71248428571514, 42
950, 2, 40.78076017143933, 42
951, 1, 15.595432793651247, 42
952, 0, -1.3848725396823984, 42
953, 1, 7.467904811110428, 42
954, 0, 9.370925238094696, 42
955, 0, 7.204953968253527, 42
956, 0, -4.1486857142861995, 42
957, 1, 7.943988971427228, 42
958, 2, 29.176344250800888, 42
959, 1, 16.187031706352336, 42
960, 0, 10.811758571428818, 42
961, 2, 43.176597512188664, 42
962, 0, -0.622071269842019, 42
963, 0, 14.572585873016596, 42
964, 1, 15.4045487317441, 42
965, 0, -0.4477176190477081, 42
966, 0, 4.555805555554627, 42
967, 0, 12.664333492063857, 42
968, 0, 12.396880476191141, 42
969, 0, 10.84035730158822, 42
970, 0, -7.200537142857336, 42
971, 0, 12.19787285714359, 42
972, 0, -3.102936190476586, 42
973, 0, 12.76707412698483, 42
974, 1, 27.00645620317224, 42
975, 1, 21.675247330155745, 42
976, 0, 10.764419206349466, 42
977, 2, 38.159620559633716, 42
978, 2, 46.866989560835485, 42
979, 0, 5.125957619047522, 42
980, 2, 31.672270292069985, 42
981, 0, -5.892173492063988, 42
982, 1, 16.015558203173686, 42
983, 0, 2.3856095238088235, 42
984, 0, 11.710549047619864, 42
985, 1, 5.264127780949674, 42
986, 0, 9.307516984127854, 42
987, 0, 0.6334092063485453, 42
988, 0, 5.592618412698051, 42
989, 0, 3.5669958730164226, 42
990, 0, 4.459983650793271, 42
991, 1, 9.569228490476831, 42
992, 2, 44.200207779757434, 42
993, 0, -2.276148253968914, 42
994, 0, 18.93114396825468, 42
995, 2, 40.83496381242184, 42
996, 2, 29.37669729206796, 42
997, 0, 2.237029841269087, 42
998, 0, -1.4616828571435927, 42
999, 3, 55.94967891282069, 42
1000, 0, 1.248905873015929, 42
1001, 1, 28.356941015875684, 42
1002, 0, 0.5015006349199616, 42
1003, 0, 9.837447142858014, 42
1004, 2, 22.13974331428349, 42
1005, 0, 5.802016984127297, 42
1006, 0, 2.1497387301584716, 42
1007, 0, 5.80167619047591, 42
1008, 0, 12.387494444445265, 42
1009, 0, -5.434943492063946, 42
1010, 0, 12.356754761905533, 42
1011, 0, 9.033413809524664, 42
1012, 0, 0.6034933333326498, 42
1013, 0, 17.246249365080057, 42
1014, 0, 9.501299523809504, 42
1015, 1, 16.084353853968825, 42
1016, 0, 9.371708730159137, 42
1017, 0, 12.917836349207231, 42
1018, 0, -7.4249771428573075, 42
1019, 1, 14.105808069842343, 42
1020, 0, 17.972091587302298, 42
1021, 0, 4.900445079364769, 42
1022, 1, 20.812732800001335, 42
1023, 6, 43.17329077936845, 42
1024, 14, 53.25809017704982, 42
1025, 1, 12.213684488889696, 42
1026, 0, 13.379510317461072, 42
1027, 0, -5.747925873016259, 42
1028, 0, 8.3777938095247, 42
1029, 1, 1.4846289936500732, 42
1030, 1, 8.340400531746706, 42
1031, 0, 8.115341428570515, 42
1032, 1, 12.519774977777127, 42
1033, 2, 39.573035001436196, 42
1034, 1, 22.502210514288695, 42
1035, 0, 2.294685396824481, 42
1036, 0, 1.2703444444436975, 42
1037, 1, 11.169303236511112, 42
1038, 0, 6.362458412698417, 42
1039, 0, -2.1565111111117865, 42
1040, 0, 12.03018968254052, 42
1041, 0, 9.277156031746937, 42
1042, 1, 6.079927761903404, 42
1043, 1, 7.037963199999158, 42
1044, 0, -7.642471428571597, 42
1045, 1, 27.419338596824495, 42
1046, 0, 6.764107142857439, 42
1047, 1, 25.20757253650943, 42
1048, 0, -3.2073222222228996, 42
1049, 1, 12.906351982540343, 42
1050, 2, 19.38973560000258, 42
1051, 1, 10.189066212700661, 42
1052, 0, 0.27444761904690385, 42
1053, 0, 6.994448095238582, 42
1054, 0, 8.53203412698319, 42
1055, 1, 30.936202552387876, 42
1056, 0, 9.724804285715202, 42
1057, 0, 12.003155079365389, 42
1058, 3, 35.47541487923548, 42
1059, 0, 5.158489999999647, 42
1060, 0, 0.2444146031745369, 42
1061, 1, 24.28686833968567, 42
1062, 1, 10.050884634919573, 42
1063, 1, 19.054629773018465, 42
1064, 0, 11.377150000000102, 42
1065, 0, -2.8965907936514523, 42
1066, 1, 24.885992293649927, 42
1067, 0, 12.613845873016608, 42
1068, 0, -6.501089365079798, 42
1069, 0, 11.883586190476919, 42
1070, 0, -5.579319841270288, 42
1071, 0, 11.544462698412257, 42
1072, 0, 10.49857285714368, 42
1073, 1, 23.086914165078515, 42
1074, 0, 13.721548730159647, 42
1075, 0, 6.1712677777776435, 42
1076, 0, 9.423753492064408, 42
1077, 0, 11.47725761904848, 42
1078, 0, -0.9508782539687144, 42
1079, 0, 9.965971587302374, 42
1080, 0, -7.436429206349646, 42
1081, 0, -1.6125625396823673, 42
1082, 2, 27.525419384125517, 42
1083, 2, 24.89153211436368, 42
1084, 0, 0.3712693650792671, 42
1085, 1, 11.754463228569168, 42
1086, 0, 10.185180476190219, 42
1087, 0, 13.105800793651479, 42
1088, 0, -6.57474571428591, 42
1089, 0, 11.593445555556455, 42
1090, 1, 26.067485139676737, 42
1091, 0, 15.593375714286372, 42
1092, 0, 0.09577095238085676, 42
1093, 3, 35.23460334689002, 42
1094, 0, 8.027988730159226, 42
1095, 0, 13.317569047619902, 42
1096, 0, 9.45601730158814, 42
1097, 0, -1.621427301587127, 42
1098, 1, 16.523824042858394, 42
1099, 1, 4.8476822634878785, 42
1100, 0, 7.139152857143162, 42
1101, 0, 13.593677619048348, 42
1102, 0, 2.334530634920139, 42
1103, 0, 11.379346507936742, 42
1104, 0, 21.946124603175377, 42
1105, 1, 4.3512544000014035, 42
1106, 0, 13.200782698413278, 42
1107, 3, 28.76182492652614, 42
1108, 1, 8.229784514289253, 42
1109, 1, -0.3733918857150993, 42
1110, 0, 0.8434968253967341, 42
1111, 2, 30.556451403172886, 42
1112, 1, 27.26221750476521, 42
1113, 1, 9.72734525396452, 42
1114, 0, 9.908103968254885, 42
1115, 1, 15.320101919046976, 42
1116, 0, 9.629980476190031, 42
1117, 0, 10.164384920633992, 42
1118, 1, 25.122777453972695, 42
1119, 0, -7.226458095238591, 42
1120, 2, 18.582155555549953, 42
1121, 0, -4.115785714286056, 42
1122, 0, 13.116283333333925, 42
1123, 1, 13.993615523809643, 42
1124, 0, 7.898906507936655, 42
1125, 0, -2.1352173015877822, 42
1126, 1, 21.33114770794119, 42
1127, 0, -0.8911719047623636, 42
1128, 0, 12.547138888888915, 42
1129, 1, 11.857201720636368, 42
1130, 0, 18.50890365079434, 42
1131, 2, 39.04015589469422, 42
1132, 0, 4.144911904761152, 42
1133, 0, 12.774677936508807, 42
1134, 0, 17.3423036507944, 42
1135, 0, 5.670079047618886, 42
1136, 0, -3.148336349207061, 42
1137, 1, 37.089874082539644, 42
1138, 2, 32.10402062400516, 42
1139, 2, 33.49199171745019, 42
1140, 0, 1.0490198412691591, 42
1141, 1, 29.775706692067192, 42
1142, 0, -2.0051474603178985, 42
1143, 0, 12.73670714285798, 42
1144, 0, -5.638381269841663, 42
1145, 0, 14.995504285714999, 42
1146, 2, 24.164224538088522, 42
1147, 0, 6.327880476190207, 42
1148, 0, 8.520824920635391, 42
1149, 0, -2.1975487301585312, 42
1150, 0, -1.5428098412703424, 42
1151, 0, 11.611615079365802, 42
1152, 1, 16.431936998418916, 42
1153, 0, 4.8062322222225005, 42
1154, 0, 0.8135068253961037, 42
1155, 1, 13.486244322224099, 42
1156, 0, 0.10781507936414636, 42
1157, 0, 11.580850634921504, 42
1158, 1, 0.6964889095217242, 42
1159, 0, 12.011244603175417, 42
1160, 0, 7.503342380952686, 42
1161, 0, 8.126345238095553, 42
1162, 0, 12.141048412699178, 42
1163, 1, 30.683049101583467, 42
1164, 1, 20.795603168255155, 42
1165, 0, 6.056951587300658, 42
1166, 2, 31.254168423814978, 42
1167, 0, 10.523783968254385, 42
1168, 0, -7.1668428571430365, 42
1169, 0, 10.71135317460344, 42
1170, 1, 16.154754634923787, 42
1171, 1, 6.288077860312264, 42
1172, 0, -6.636890793651181, 42
1173, 0, -2.7522033333336187, 42
1174, 2, 13.282523174598715, 42
1175, 3, 43.6861605272406, 42
1176, 0, 14.35562269841342, 42
1177, 1, 17.270682031744478, 42
1178, 1, 28.42440617143519, 42
1179, 0, -8.548198571428735, 42
1180, 0, 14.450742698413453, 42
1181, 1, 32.130802996834035, 42
1182, 2, 22.25749912063806, 42
1183, 0, 13.30500619047703, 42
1184, 0, 2.7391715873008993, 42
1185, 0, 1.5120431746028968, 42
1186, 1, 18.445754511112714, 42
1187, 0, -8.822414285714416, 42
1188, 1, 5.012825860316198, 42
1189, 0, 13.099670952381757, 42
1190, 1, 13.621529130158573, 42
1191, 0, 4.09408253968302, 42
1192, 2, 40.367705653493154, 42
1193, 0, 3.886642063491747, 42
1194, 0, 5.131896031745099, 42
1195, 0, 10.720253492064256, 42
1196, 0, -3.8176801587305498, 42
1197, 0, -2.573426825397348, 42
1198, 0, 13.059936666667461, 42
1199, 1, 5.7435447174586365, 42
1200, 0, -3.954335396825929, 42
1201, 0, 0.7828731746031958, 42
1202, 1, 17.917248269840382, 42
1203, 0, -0.397784444445171, 42
1204, 0, 10.51257412698436, 42
1205, 0, -5.1982712698417295, 42
1206, 0, 9.542076984127782, 42
1207, 0, 10.308107142858065, 42
1208, 0, -6.75685428571451, 42
1209, 1, 25.320459257144222, 42
1210, 1, 30.35154299899083, 42
1211, 0, 1.0390801587292247, 42
1212, 0, 5.996081746032196, 42
1213, 0, 9.83091666666746, 42
1214, 1, 2.2446659999990493, 42
1215, 0, 8.52057857142948, 42
1216, 1, 26.249106311107397, 42
1217, 1, 10.298974636505637, 42
1218, 0, 6.392246031745822, 42
1219, 1, 15.401205803171607, 42
1220, 1, 14.13077377777606, 42
1221, 0, -5.352014285714692, 42
1222, 0, 12.29949793650865, 42
1223, 1, 13.88405731428779, 42
1224, 0, 5.037961111110178, 42
1225, 12, 67.99872674564764, 42
1226, 0, 11.039273174604068, 42
1227, 0, 0.4078274603175345, 42
1228, 1, 27.916836742854688, 42
1229, 0, 6.294461587301342, 42
1230, 0, 0.5539833333324014, 42
1231, 0, 16.425676031746846, 42
1232, 0, 10.196738253969038, 42
1233, 0, -6.326182539682948, 42
1234, 1, 32.0702544126978, 42
1235, 0, -1.576510952381613, 42
1236, 1, 15.944421949207836, 42
1237, 0, -4.383752698413172, 42
1238, 1, 33.225008339686376, 42
1239, 1, 22.291328530164265, 42
1240, 0, 10.984970952381241, 42
1241, 0, 2.007329365079218, 42
1242, 0, 10.038357936508831, 42
1243, 0, 1.527596825396314, 42
1244, 0, 11.324344920635767, 42
1245, 0, -3.0451141269845774, 42
1246, 0, -3.4741711111108895, 42
1247, 2, 32.4183683873055, 42
1248, 0, 9.45022174603266, 42
1249, 0, -6.315597142857447, 42
1250, 0, 10.246177619048446, 42
1251, 0, 2.363907619047515, 42
1252, 0, 10.555432222223114, 42
1253, 0, 9.707126825397633, 42
1254, 1, 19.45016813968382, 42
1255, 2, 36.235936353195925, 42
1256, 2, 14.302610317457972, 42
1257, 2, 22.146431476983068, 42
1258, 1, 20.256467590478465, 42
1259, 0, 3.9575099999998464, 42
1260, 0, 3.1046230158729635, 42
1261, 0, 10.60586841269869, 42
1262, 0, 7.640442063491122, 42
1263, 0, 2.501512380952952, 42
1264, 0, 18.752315396826216, 42
1265, 1, 18.373985930157346, 42
1266, 0, 5.570208888888553, 42
1267, 0, 10.780026825397666, 42
1268, 1, 14.45623964920945, 42
1269, 0, 17.640296984127524, 42
1270, 1, 15.281955606348102, 42
1271, 2, 32.05381694541699, 42
1272, 0, 11.545621746032506, 42
1273, 0, 4.587414126984621, 42
1274, 1, 1.156746731745109, 42
1275, 0, 3.8297803174602123, 42
1276, 2, 37.02612558095377, 42
1277, 2, 31.485399580958585, 42
1278, 0, -1.6165825396830424, 42
1279, 0, 3.108059682539437, 42
1280, 4, 57.823625018178646, 42
1281, 0, 13.466204603175292, 42
1282, 0, -2.4833696825395184, 42
1283, 1, 6.8353081952369665, 42
1284, 0, -1.3144446031749242, 42
1285, 0, 12.131150634921479, 42
1286, 0, 18.357250952381534, 42
1287, 0, 14.958785238096043, 42
1288, 1, 21.886956726986313, 42
1289, 0, 14.729844920635507, 42
1290, 2, 26.46458210159107, 42
1291, 2, 14.760311079365227, 42
1292, 1, 6.6685293460323365, 42
1293, 2, 27.44363620952204, 42
1294, 0, 9.569121746032643, 42
1295, 2, 28.969895060311003, 42
1296, 0, 9.138872539681696, 42
1297, 2, 50.67905204126868, 42
1298, 1, 1.9476087968240656, 42
1299, 0, 13.645925555555221, 42
1300, 0, 6.1376563492054155, 42
1301, 3, 45.85759832125832, 42
1302, 2, 29.40073056031523, 42
1303, 0, 11.982355714285893, 42
1304, 0, 14.519451587302417, 42
1305, 1, 7.987989290473831, 42
1306, 2, 42.12866350156346, 42
1307, 0, 1.478037619047769, 42
1308, 0, 13.895188730159528, 42
1309, 0, -0.8400028571433102, 42
1310, 0, 15.475307777778392, 42
1311, 3, 53.133943898623, 42
1312, 1, 9.91547363809398, 42
1313, 0, 8.894675396826305, 42
1314, 0, -5.585174285714784, 42
1315, 0, 7.230370952381873, 42
1316, 0, -7.572287142857313, 42
1317, 0, 11.726697301588182, 42
1318, 0, -5.409402857143081, 42
1319, 0, 11.862259206350046, 42
1320, 0, 4.933370634921189, 42
1321, 1, 5.557702455554546, 42
1322, 0, 0.09790952380907214, 42
1323, 0, -1.8399939682546007, 42
1324, 0, 0.956079365078669, 42
1325, 1, 13.712115833336084, 42
1326, 1, 18.054509863494552, 42
1327, 1, 17.616982126986823, 42
1328, 1, 18.357831004765046, 42
1329, 1, 5.178497582539007, 42
1330, 0, -6.259268571428773, 42
1331, 0, 14.153618571429485, 42
1332, 2, 30.892151121204503, 42
1333, 0, 11.13691444444533, 42
1334, 0, 12.545447460318126, 42
1335, 1, 19.89349720000106, 42
1336, 0, 10.446525238096129, 42
1337, 0, 6.765163015873528, 42
1338, 0, 14.66141222222312, 42
1339, 0, 2.8359503174608536, 42
1340, 2, 36.709496425401966, 42
1341, 1, 7.596607246032301, 42
1342, 0, 9.570634126984398, 42
1343, 0, -0.1418757142857734, 42
1344, 0, 7.149108095239012, 42
1345, 0, 3.4949277777782903, 42
1346, 0, 11.364747460318263, 42
1347, 0, -3.5025676190480723, 42
1348, 1, 27.20351000634868, 42
1349, 1, 16.680451273016722, 42
1350, 0, 6.844313809524336, 42
1351, 0, 13.689636031746712, 42
1352, 2, 10.92596059682484, 42
1353, 0, 13.246480158730723, 42
1354, 0, 2.12125888888884, 42
1355, 0, 12.373538571429485, 42
1356, 1, 20.405836946023484, 42
1357, 0, -1.2558500000000667, 42
1358, 0, -4.23648968254017, 42
1359, 1, 29.177215790480282, 42
1360, 0, 2.58951047618973, 42
1361, 0, 1.288539682539589, 42
1362, 1, 1.8030429238080936, 42
1363, 1, 9.939183571425993, 42
1364, 0, -5.0908966666671045, 42
1365, 0, 8.932785555556439, 42
1366, 0, 16.81918809523878, 42
1367, 0, 3.6878358730157528, 42
1368, 0, -2.2776153968258095, 42
1369, 1, 24.250867009521617, 42
1370, 0, 6.569825873016344, 42
1371, 0, 2.9456655555555074, 42
1372, 0, 14.6906833333341, 42
1373, 0, 3.214492222221564, 42
1374, 1, 14.578500306348865, 42
1375, 3, 24.396270344448933, 42
1376, 0, 7.418770952380776, 42
1377, 0, -0.9719309523816406, 42
1378, 1, 35.26573352380771, 42
1379, 0, 4.9514226984132055, 42
1380, 1, 12.252824406340489, 42
1381, 0, -3.2254419047624294, 42
1382, 2, 23.855842547316115, 42
1383, 0, 4.797444920634311, 42
1384, 1, 16.77662176508086, 42
1385, 1, 16.32159471428524, 42
1386, 2, 26.832901390481197, 42
1387, 2, 19.002926025395062, 42
1388, 0, -1.2396146031752653, 42
1389, 2, 36.02800200000149, 42
1390, 0, 1.994036190475506, 42
1391, 0, 6.9855946031744605, 42
1392, 0, 0.2901747619040558, 42
1393, 1, 29.94773663491547, 42
1394, 0, 17.34517634920701, 42
1395, 0, 8.9029601587304, 42
1396, 0, -3.0702688888894247, 42
1397, 0, 13.530831269842182, 42
1398, 0, 15.283331269842064, 42
1399, 0, 7.699127777777461, 42
1400, 0, 5.021837301586597, 42
1401, 2, 38.10254347125579, 42
1402, 0, -0.8900514285721268, 42
1403, 0, 12.424019523810191, 42
1404, 0, -7.634861428571625, 42
1405, 1, 20.578771276198992, 42
1406, 0, 1.0851574603167453, 42
1407, 1, 24.079125295242655, 42
1408, 0, 7.740122380951982, 42
1409, 2, 22.3879264555537, 42
1410, 0, -1.379969047619984, 42
1411, 2, 52.365014296947386, 42
1412, 0, 8.013784285713948, 42
1413, 0, 4.5249928571419265, 42
1414, 1, 10.98881241269804, 42
1415, 0, 10.421876666667508, 42
1416, 0, -0.9828066666675221, 42
1417, 0, 14.378855079365803, 42
1418, 0, -3.2731449206355645, 42
1419, 0, -4.362024603175265, 42
1420, 0, 11.439589365079541, 42
1421, 1, 26.80967231428175, 42
1422, 1, 19.78948909524079, 42
1423, 0, 4.258852539681781, 42
1424, 0, 12.070606825397697, 42
1425, 0, -2.9647320634925043, 42
1426, 0, -2.691157142857116, 42
1427, 0, 3.3925596825389404, 42
1428, 3, 47.69378525079977, 42
1429, 1, 19.24028563174539, 42
1430, 0, -3.1251131746035794, 42
1431, 6, 34.45176719365354, 42
1432, 1, 20.858794236509038, 42
1433, 1, 12.385962012701452, 42
1434, 0, 10.991652857143638, 42
1435, 0, -4.456738571428833, 42
1436, 0, 12.711883015873916, 42
1437, 1, 23.164622806351964, 42
1438, 2, 37.35957077992535, 42
1439, 1, -0.9300858142863175, 42
1440, 2, 27.109141651985112, 42
1441, 0, 3.6652468253959034, 42
1442, 1, 14.235053815877762, 42
1443, 0, -7.514290000000161, 42
1444, 1, 18.2251979047633, 42
1445, 1, 9.906561965080616, 42
1446, 0, -5.044821904762351, 42
1447, 2, 25.232895419050696, 42
1448, 0, 5.15493365079348, 42
1449, 0, 9.59594714285723, 42
1450, 1, 16.373071282541048, 42
1451, 0, 5.653950634920835, 42
1452, 0, -3.4708330158735015, 42
1453, 0, 7.570446349206277, 42
1454, 0, 12.192711587302368, 42
1455, 1, 24.166432387310252, 42
1456, 2, 31.191323352383627, 42
1457, 1, 17.351938390473183, 42
1458, 1, 20.867453104755267, 42
1459, 0, 4.46100158730205, 42
1460, 0, 10.975009682539952, 42
1461, 0, 0.6403620634919989, 42
1462, 0, -4.845845238095973, 42
1463, 0, 9.045678888889206, 42
1464, 0, -0.0492674603179859, 42
1465, 1, 34.035540050792456, 42
1466, 0, -1.0050482539681345, 42
1467, 1, 13.48049549206446, 42
1468, 0, -2.078481746032237, 42
1469, 0, 8.075376031746949, 42
1470, 0, -1.6447380952385187, 42
1471, 0, 6.348206031745718, 42
1472, 0, -4.6187420634924905, 42
1473, 0, 12.741942063492715, 42
1474, 0, -5.4945342857145265, 42
1475, 2, 43.7406309142912, 42
1476, 0, 12.52530968253972, 42
1477, 0, 11.225481111112014, 42
1478, 0, -4.001891428571726, 42
1479, 2, 46.52056647095017, 42
1480, 0, 14.145224285714898, 42
1481, 0, -1.2632071428578144, 42
1482, 0, 5.138095555556092, 42
1483, 0, 6.999356666667117, 42
1484, 0, 12.90073349206324, 42
1485, 0, 6.204658730158021, 42
1486, 0, 12.809829682540379, 42
1487, 0, 6.580064285714243, 42
1488, 0, 4.8839833333336875, 42
1489, 1, 6.009797834919286, 42
1490, 0, 11.131081428572301, 42
1491, 0, -6.254380476190908, 42
1492, 0, 5.200521904761785, 42
1493, 2, 24.967367133333966, 42
1494, 1, 27.183534412696158, 42
1495, 1, 25.20952203491825, 42
1496, 1, 22.00798037063319, 42
1497, 0, 11.210344920635663, 42
1498, 0, 11.038435079365394, 42
1499, 0, -3.461854761905249, 42
1500, 0, 3.4533487301583454, 42
1501, 1, 3.065998642856372, 42
1502, 1, 18.734866111112332, 42
1503, 1, 13.097948873015664, 42
1504, 0, 17.801754444445198, 42
1505, 1, 11.570245152383539, 42
1506, 0, 5.469298412698289, 42
1507, 0, 2.8813198412689056, 42
1508, 0, 14.029642698413356, 42
1509, 0, -5.239399682540084, 42
1510, 2, 40.21185760959608, 42
1511, 0, 3.286319206349159, 42
1512, 0, 9.408130634921527, 42
1513, 0, -0.9399246031752986, 42
1514, 1, 24.191600965078297, 42
1515, 1, 17.350797422215933, 42
1516, 0, 10.690086825397604, 42
1517, 1, 5.506257907934961, 42
1518, 2, 22.598591158741108, 42
1519, 0, 15.2428230158738, 42
1520, 1, 8.630547650793423, 42
1521, 0, 9.860563333333594, 42
1522, 0, 6.500983650794165, 42
1523, 0, 1.9629507936501738, 42
1524, 0, -1.3199888888893612, 42
1525, 0, 10.382799523810375, 42
1526, 0, 7.114537142857152, 42
1527, 0, -9.035749206349658, 42
1528, 1, 11.715516088887538, 42
1529, 0, -1.112021746031553, 42
1530, 0, 12.628895079365872, 42
1531, 0, 5.365418571428854, 42
1532, 0, 0.8349603174604328, 42
1533, 0, 16.410264603175236, 42
1534, 0, 5.833524603173676, 42
1535, 0, 3.7595001587298413, 42
1536, 0, 10.364206507937293, 42
1537, 1, 9.469245860314643, 42
1538, 0, 1.692553650792889, 42
1539, 0, 11.94662841269924, 42
1540, 0, -2.819072063492601, 42
1541, 1, 30.90238610476134, 42
1542, 0, -2.6886387301587518, 42
1543, 1, 20.639473020638334, 42
1544, 0, 10.147195396825108, 42
1545, 1, 7.0655013809508525, 42
1546, 2, 21.765699707941458, 42
1547, 0, -5.507367142857475, 42
1548, 1, 27.093532685713942, 42
1549, 0, 4.740552539681852, 42
1550, 1, 31.94891508571336, 42
1551, 0, 9.137203968253042, 42
1552, 2, 25.605997271429782, 42
1553, 0, -4.7435257142864, 42
1554, 2, 34.321033441270984, 42
1555, 0, 4.42089380952422, 42
1556, 0, 3.4277782539681025, 42
1557, 1, 23.601196611106722, 42
1558, 0, -1.8585880952387552, 42
1559, 0, 14.839991904762773, 42
1560, 0, 15.550992539682694, 42
1561, 0, 14.630069047619726, 42
1562, 0, 0.6516211111110319, 42
1563, 0, 8.100190952380085, 42
1564, 0, 15.09500301587379, 42
1565, 0, -3.5916396825401025, 42
1566, 0, 3.311086507935578, 42
1567, 0, 11.459954444445284, 42
